0.410948 0.82653
0.39367 0.124958
0.731504 0.316119
0.137613 0.866953
0.93421 0.125042
0.723108 0.766987
0.799858 0.214435
0.73927 0.764717
0.620313 0.425611
0.274174 0.527724
0.99261 0.220147
0.468366 0.895818
0.612392 0.472635
0.987599 0.30183
0.254964 0.980778
0.745433 0.982031
0.640452 0.15795
0.472138 0.0681998
0.146308 0.652424
0.676952 0.339051
0.790356 0.0366992
0.316167 0.36944
0.698385 0.886988
0.0176546 0.560144
0.482832 0.449833
0.0595533 0.458616
0.887225 0.108445
0.821001 0.431915
0.44192 0.219819
0.0586154 0.0576455
0.180434 0.814714
0.884194 0.128594
0.0856526 0.621501
0.575615 0.383611
0.477842 0.892742
0.520831 0.583813
0.0812934 0.346641
0.429123 0.342445
0.776242 0.966584
0.0273136 0.822604
0.773298 0.478536
0.452728 0.563831
0.0578808 0.611779
0.448403 0.951422
0.814232 0.0721917
0.826931 0.256863
0.227561 0.864018
0.892789 0.450239
0.607197 0.795899
0.072707 0.702887
0.404661 0.826094
0.701338 0.388355
0.102873 0.231662
0.125116 0.570122
0.51407 0.334357
0.228638 0.194296
0.0851417 0.854755
0.441435 0.134092
0.913989 0.584334
0.862792 0.650259
0.326283 0.416821
0.54072 0.918529
0.748727 0.334969
0.178831 0.852829
0.896083 0.442252
0.720284 0.233357
0.821096 0.81184
0.797961 0.98424
0.468762 0.8142
0.949518 0.579497
0.0416728 0.711987
0.607788 0.87222
0.687437 0.974413
0.102555 0.914681
0.931156 0.776451
0.488001 0.481549
0.517916 0.0902201
0.758714 0.330097
0.227246 0.24133
0.581419 0.676686
0.0519384 0.652284
0.773246 0.77462
0.378916 0.104165
0.452144 0.822405
0.404543 0.358411
0.700836 0.0815463
0.598621 0.549673
0.180508 0.0481535
0.191068 0.811505
0.940398 0.702149
0.186979 0.0673256
0.558794 0.291882
0.566359 0.513875
0.16212 0.231052
0.0446051 0.763014
0.0722154 0.560387
0.96208 0.875464
0.17633 0.0203303
0.642257 0.117986
0.276376 0.195756
0.510348 0.466555
0.609318
